61505 42113
62579 45171
53547 30571
15655 8999
2882 55042
3941 49829
45327 44879
21700 32836
47219 25715
47659 34923
45501 10173
32349 46173
29197 48653
23298 16066
52130 36706
8438 63798
11608 55672
33389 24173
15540 19764
45339 28123
9987 16643
18988 50348
53114 23738
13288 65288
4342 26934
27662 37326
26145 35425
32527 5455
47508 24340
5579 44043
35173 64677
61180 25468
44585 44585
57919 13823
34714 5594
29783 46167
17052 39964
17673 1289
17864 14824
15191 39767
521 25097
38606 15758
40791 32599
2332 2716
54807 4119
280 30008
26195 55891
21958 1926
49615 1551
52002 57058
51889 42609
18548 43252
55206 64102
17675 7243
48065 20481
23186 48338
30528 4192
59819 61419
59946 10986
26179 36931
18481 31729
61910 33046
49298 41682
40763 27899
24524 14156
10817 36481
49059 61859
58089 8425
41164 49228
62410 25482
33884 30172
29546 59946
1444 11300
23510 51990
58256 54448
8490 8682
36399 60271
20244 29844
12232 64488
47336 7176
48857 47321
46767 13295
8116 14388
20726 43318
35501 38573
29918 24862
10055 17735
4083 9203
40105 48297
55402 3882
743 2279
50399 47263
20770 34018
40312 20888
42072 36984
17152 56352
5062 62854
50523 51739
50875 40059
14588 30076
19937 31521
13322 64458
45762 11906
25686 54166
34557 56573
35366 42214
16897 1857
38719 64255
26697 55369
6926 43214
628 6900
56097 26465
29454 8398
42800 59728
55810 48578
10098 59826
15177 39753
52149 7541
44586 40682
23589 40805
20320 26752
63533 3117
59400 50216
41850 186
64842 1290
46688 10112
26058 13706
63073 929
59140 10884
45172 61684
46253 16557
27452 16316
37939 59443
14881 44641
5407 28639
56256 46304
55005 19677
49479 10055
5464 376
2697 19081
10757 1605
34997 35445
20221 50429
28828 45596
36935 11847
13262 25230
35207 27015
22003 2547
60562 36562
39851 4587
42936 4824
49998 23054
32910 32334
46567 39911
42407 17319
16116 53108
51701 62133
20300 16076
823 4919
34208 59072
34718 64478
10124 18188
35782 11654
15741 37757
46356 49812
46731 36299
33709 12205
11523 55043
47927 52023
27318 49910
26022 43110
58515 16531
7465 15657
63010 14818
8267 61067
42412 63532
6930 38226
17235 46931
22086 24582
37855 24479
28858 34554
20122 17626
59417 43545
60776 2184
597 3093
63908 24612
25396 58292
30555 58395
33392 17040
7547 53563
12688 25264
64773 47429
30416 49136
2638 57614
41078 57526
65472 18656
35989 25941
2459 44635
32103 17255
14536 11496
38785 27841
42520 39480
42406 59494
49764 43236
1370 45722
42283 39787
14766 57454
63859 60787
16591 1295
2945 8385
6972 61372
38812 284
11210 15242
17291 45771
15324 19804
4383 48095
4549 52229
56166 60710
40290 290
57128 21320
55785 40937
45253 41733
47802 59642
51335 34951
46837 49077
64420 2596
26757 3269
437 62325
8439 37111
31086 55086
55441 9041
21742 23214
34572 28300
13420 3820
8075 24267
52708 58468
4123 17627
21330 29842
47950 37390
20222 60222
11338 5130
33213 30653
21329 1553
16044 51500
64030 7774
34602 8170
53822 24190
23574 15702
62682 33306
41582 46
6314 24938
36551 40135
43876 51684
32325 53381
3728 30640
57131 36203
24673 60833
34628 64196
36979 7283
20700 4700
493 30189
6812 37916
48834 64130
44846 34286
12196 11812
62683 49563
44226 8322
50490 15226
6496 39552
60666 2618
60271 61615
60072 50888
57301 24981
55492 17476
50430 24894
25686 54166
58969 63577
13912 35448
9557 57109
29481 29481
9330 11954
51987 26387
33245 63453
6325 23157
44277 5557
37169 23793
55442 39634
42150 42854
25402 4474
41095 24711
37036 45868
1352 63848
22541 33805
41450 10410
12978 33778
9910 28406
18785 13985
64847 33167
51143 7623
51250 2418
64301 42797
57303 49111
32638 37822
64385 4289
38625 27681
21247 56767
36598 65334
3842 62146
58727 35687
57979 48699
2008 41976
30412 20044
20203 38443
30354 6354
48040 34760
64741 2085
10205 38365
42728 520
16269 62349
52415 32895
12018 59698
5881 14073
21607 43623
38786 62274
787 32531
46972 58364
32381 13437
59473 21265
29579 58059
40028 44508
43014 41670
44059 16603
30156 5452
54912 14240
43355 24091
30218 15818
28792 40088
53649 7249
56340 18836
52544 40544
80 47472
3377 35057
62384 5584
16400 49456
23929 40313
34304 65312
12258 41890
53244 25724
37409 26209
33479 49351
13894 49158
26195 55891
56066 48834
26794 29034
32474 3098
56455 7303
39572 22548
27048 21960
45109 12789
44294 6086
37292 5164
20861 34685
38727 30023
9453 51437
49357 5325
3973 29637
61602 35938
47097 14329
8856 1720
30892 6956
55873 32385
18629 56069
5910 45142
23429 4037
60567 65175
62851 16259
59843 64451
15550 61694
26481 35121
4444 60124
48647 40455
44506 45850
9314 4130
34452 33812
51076 62212
61954 62914
7646 35358
33070 30702
24444 19452
65095 58439
44005 38693
9628 16156
55791 32559
48733 62557
31069 3933
11753 13289
37018 3802
48091 30875
40821 45109
54558 55646
33389 24173
28706 35810
15744 54944
22227 39635
27694 39662
22844 50620
42219 58411
13043 18163
35581 49405
57896 24136
38651 23227
63549 58941
26765 25741
12941 40589
49620 10068
64331 31115
56844 64908
3473 26705
17754 62106
30057 47977
18183 50951
56615 17191
32926 34014
43737 9433
19317 3125
29870 13166
42761 30473
41018 20090
37140 48788
11696 61392
32104 6280
49982 53118
14252 41516
29302 6838
59385 59385
47891 5907
25304 22264
53000 33576
50838 28630
20402 28914
34113 12673
40074 11338
5738 13610
40406 40214
28516 44516
39999 51199
55202 35682
53760 43808
3588 24964
64036 18596
10320 8560
14407 22087
6523 36155
49087 19327
27780 32772
4264 1224
34037 52661
40889 441
42217 13033
50168 2072
28555 11979
23424 19616
41672 9960
44319 26591
15912 64072
4145 25585
49951 50655
11937 41697
27614 45086
33246 15902
41366 25302
39283 36211
63655 30375
60814 17230
3864 41784
35066 5690
15403 6763
46163 34899
11315 16435
19602 61138
28035 6019
11538 57170
37602 61090
40853 12373
33697 42977
41211 46267
22993 40081
10743 18935
38739 2899
64689 45169
12575 56287
55405 13421
30780 7356
15748 61700
23495 4551
47551 50559
13074 19794
28785 64049
40128 24032
60037 30405
5064 40936
15716 58340
9381 38885
36081 18097
51362 42082
48245 19765
8411 60827
19455 63167
64553 31785
57061 8741
13975 45207
32835 39491
34409 60521
2259 31955
5634 39362
60991 41471
48864 38912
25208 11928
56294 62886
39548 42748
49657 57849
49667 44035
13757 52157
60560 42416
19333 16325
16549 54245
57412 37828
5696 65376
20560 2416
36986 64954
53673 37289
17241 62809
46458 4794
4133 54117
64139 37323
55789 52717
47708 37852
35135 9471
62892 51244
8858 63706
55110 33030
10294 22646
58352 50192
29554 17842
24856 21816
50992 35152
62676 12884
32054 9590
11735 19927
1483 23563
32721 62097
59191 30519
15665 63729
24621 62509
50413 26861
16718 8206
33509 63013
1101 10317
20922 2042
37825 43009
49337 41657
1806 50382
35893 36341
36460 59628
30157 45517
63360 30880
13343 5855
54579 4403
17161 4873
29862 30566
22865 56337
53510 31686
30340 516
4199 18023
10368 41376
25537 14337
3792 14320
13237 58741
34817 32065
29327 16591
17751 25943
17275 12091
61334 55510
5327 59663
57859 52227
25064 1288
47967 36639
15080 42504
11378 54962
43098 34202
61763 29507
34793 15849
40650 18058
13561 5369
1330 56946
24162 14882
32264 12840
24576 35104
6039 22935
62811 64027
46726 59718
47213 5229
49323 44779
33443 44195
45820 30588
22208 63456
61646 40846
25017 64441
63142 10598
45186 7234
11131 55099
34662 10534
17246 10142
19121 9841
30013 11069
60221 28989
29386 2698
24355 45347
16621 38125
64983 40407
13781 42901
3984 4272
14983 64135
15360 1312
14280 17384
35683 28003
23952 48816
86 40854
11227 43163
15207 24935
2511 11791
14155 13707
34613 12533
31534 29166
20795 26363
54171 51291
24981 4693
16205 17229
36725 57397
62278 40198
29794 40994
16798 58846
63496 37928
37887 40639
65260 53612
27143 59911
22811 21979
46406 1798
39792 35728
52492 27788
3721 28297
41933 20429
12291 14851
24299 9771
48131 17923
11672 51640
1682 43218
29735 57895
2057 10249
23102 50814
24315 25275
49189 869
33493 52373
30808 1144
5616 34320
38580 57140
19983 60495
62816 63104
2336 64064
32327 25671
21514 7114
31870 4286
10291 39987
41196 31596
12111 23439
52744 33320
31589 40613
30494 52062
27929 10009
36287 43391
50730 22250
34858 35050
59720 28008
38262 15798
1752 43768
13680 1424
40312 20888
25548 2892
55137 38049
56546 2210
56455 7303
64779 29771
50391 50391
30695 13799
40976 41264
36586 38314
49674 35274
10053 59781
55467 59115
8946 15666
4018 12530
28683 55115
20775 5927
59554 17506
25584 17424
12950 15318
27645 509
50269 41565
52869 6853
20685 42189
52384 38336
2833 44497
60814 17230
25225 57993
28393 7401
63355 54075
13231 35055
20801 64897
56845 10765
1923 4483
10589 48989
4354 29890
11991 44759
51594 8522
54069 44277
61131 17675
58095 43055
50172 26748
38052 15140
4025 29113
42483 6643
63485 3581
30940 39516
30763 63083
10326 18326
18717 22301
25580 63084
1637 8613
56179 24435
14280 17384
42204 13916
9046 39574
49284 21508
10748 22140
3119 43375
42290 32370
4832 48128
18759 61255
62046 24222
65132 39148
44608 5984
50511 27023
10269 46621
9375 18271
12394 18218
64650 35914
46350 56014
47027 58291
43949 55213
46976 14496
63051 42123
33675 62155
4758 39894
30590 60350
62920 43496
41665 55041
32475 9115
50252 31692
16213 20757
42769 35281
1167 41679
18179 57603
49543 41351
51411 15571
2379 44939
3987 13203
4633 44057
16694 39286
43295 54239
35939 50787
40303 8879
22529 19777
34829 46093
37043 19635
55195 19547
6981 19845
49955 42275
62140 51004
37188 56516
25137 44529
60672 5664
29917 62173
16687 24175
27497 31081
35703 27511
51591 43399
65391 13487
9948 59484
29373 41149
44474 1018
48329 44233
10131 52115
63861 41525
9788 41660
5997 60269
29008 35440
2173 15997
4549 52229
28968 38216
29701 43077
49253 27557
4125 40477
55292 3196
15839 10655
44889 29017
48005 28613
24465 49745
782 12494
47874 7874
53777 15569
32158 478
2242 52354
56095 15839
18360 13016
19102 26334
49512 52360
18710 57942
41593 49785
34934 59574
15674 54138
27696 24144
31203 5091
33877 36373
10486 8502
29371 43131
50134 4886
32245 59061
24468 21780
55109 55685
20890 4058
48707 51267
5311 51327
52543 22783
47975 57703
55685 19909
59276 1804
35803 2203
27755 48043
35923 8275
60589 14509
7372 40012
18596 12068
44290 53442
17688 14648
13456 44464
55216 51664
20958 52766
21208 18168
20284 33724
17775 19119
6762 59690
31540 7092
8831 64831
31484 32636
29802 35626
18284 25068
45903 16271
39944 34856
26434 54018
46105 34329
51427 25315
22360 4984
45045 51381
2243 8899
7260 11740
51130 3578
36205 12653
64994 47522
22341 22917
39012 28388
26409 18217
62147 7363
39158 53558
48789 12117
55952 33712
6992 9328
59534 58958
64832 52832
51273 47177
13487 57839
65062 43238
13403 63771
21012 3988
36017 113
43737 9433
41515 20587
6716 9916
20443 3227
20967 30695
48707 51267
63341 52077
20093 50301
16690 55922
63971 37859
12042 54986
26567 48583
56048 17168
32122 64186
61045 7989
40321 49857
10673 13681
23618 10242
53095 13671
14197 26677
32207 12815
20590 3630
18809 2425
20805 64389
34039 46327
55111 46407
55330 13282
58594 61602
37738 35370
31849 51817
42488 21016
32217 8153
64854 46230
9170 29970
5304 8152
45942 9142
12838 11494
52565 26389
24800 64000
22930 64466
24116 16052
16321 50177
47687 41031
20261 16997
13375 24575
20884 63252
818 1138
53638 1094
26731 38827
39029 22837
27275 459
54644 60916
24937 10089
12677 50629
30460 2940
29245 36925
8626 27378
34273 62241
45427 25971
918 3286
44839 9511
17344 48352
49837 52909
20328 23176
40036 41700
31885 6285
37249 46785
55815 23047
43079 50759
46981 23493
11309 4141
57842 17458
35994 47834
62618 58074
35554 34466
58094 12462
22539 32587
58596 17252
14858 41418
55993 62649
8693 51893
31238 42182
12626 2706
24794 52762
39875 64963
20575 56351
34015 30879
13698 57666
50205 41501
11059 42803
59433 34857
28078 46190
14825 32745
296 9544
25110 64342
9214 30782
36145 2289
63411 9139
59591 26311
54632 4232
56168 63112
730 20506
52491 33867
14864 43824
48142 41422
17947 6875
